00
14
35
300
35
300
2
0
12
1
0
1
1
1
0
0
0
0
0
0
0
1
256.781
617.069
1
18.3158
1166.04
1
809.691
1015.71
4
989
-10
1
311.614
903.078
1
936.652
788.064
1
264.08
661.052
1
990.251
822.122
1
41.6949
476.795
1
424.924
423.485
1
1074.38
772.377
1
1081.34
832.485
1
578.506
483.445
1
279.091
1113.66
1
1110.08
725.135
1
28.2928
614.062
1
415.361
541.265
1
1184.57
1095.47
4
855
1580
1
145.82
709.341
1
1140.62
620.787
1
1134.11
1051.04
1
1564.02
1064.62
1
368.984
938.554
1
1456.95
554.43
1
854.327
1208.58
4
1042
1618
1
1625.55
550.499
1
336.416
1077.36
1
1162.07
578.367
1
616.227
1260.17
3
1478.05
451.319
1
1602.23
935.293
1
171.357
1183.68
1
689.639
399.158
1
715.419
1187.87
1
1827.36
982.222
1
315.03
710.458
1
595.695
286.315
1
435.305
1208.81
4
1183
122
1
1986.77
620.862
1
347.767
991.937
1
1526.35
271.944
1
449.768
1254.73
4
715
141
1
1953.22
772.216
1
165.538
345.81
1
1746.26
99.0817
1
1639.07
1194.41
1
1965.81
1149.25
1
52.019
436.394
1
1053.02
81.2192
1
263.775
1238.75
